02720
06809
03200
02714
02677
02768
09980
09611
03986
06938
03636
09903
02675
02513
06082
06651
06600
03696
03317
02671
02657
03378
02661
02635
02695
02691
02581
02396
03881
02546
03887
02655
07618
02659
02687
02676
02658
02408
02693
02539
09609
02685
02788
02579
02698
02630
00800
09927
02718
06980
06166
06031
06687
02637
02670
02575
08549
02650
02652
02889
02583
02259
09973
06090
02595
02656
02525
02543
02580
03858
06960
02631
02591
02627
09887
06613
02651
02597
02590
01828
02648
02592
09678
06603
03880
06883
06168
02508
02643
02619
02617
02609
02050
03288
02605
09881
02573
02621
02565
02629
03750
06831
02865
02589
09606
03677
02625
02569
02610
02561
06693